010
011
012
013
015
016
017
019
020
021
022
023
024
025
026
027
028
029
030
031
032
033
034
035
036
037
038
039
040
041
042
043
044
045
046
047
048
049
050
051
052
053
054
055
056
057
058
059
060
061
062
063
064
065
066
068
069
070
071
072
073
074
075
076
077
078
079
080
083
084
085
086
087
088
089
090
091
092
093
094
095
096
097
098
099
101
102
103
104
105
106
107
108
109
110
112
113
114
116
117
118
119
120
121
122
123
124
125
126
127
129
130
132
136
138
139
140
143
152
153
161
162
163
164
166
168
169
172
173
175
176
177
178
179
181
183
184
185
188
189
190
192
193
194
195
196
197
198
199
200
201
203
204
207
208
209
210
211
212
213
214
215
216
217
218
219
220
221
223
226
228
229
230
233
234
236
237
238
239
241
242
258
259
260
263
266
267
268
269
270
272
273
274
275
276
278
280
282
284
285
286
291
293
294
295
297
298
299
300
301
302
303
304
305
309
310
311
313
314
315
317
318
319
320
321
322
323
324
325
327
328
329
330
331
333
335
336
337
338
339
340
341
342
343
344
346
347
348
349
350
351
353
355
356
357
358
359
360
361
362
363
364
366
367
368
370
396
397
399
400
401
402
403
404
405
407
409
410
411
413
415
416
417
418
419
420
422
423
424
426
427
429
430
431
432
433
434
435
436
437
438
439
440
441
455
456
457
458
459
460
461
462
463
466
467
468
472
473
474
477
487
504
505
507
508
509
510
511
512
513
514
515
516
517
518
519
520
521
522
524
527
528
529
530
531
532
533
534
535
536
537
538
539
541
543
544
546
548
549
550
551
552
553
554
555
556
557
558
559
560
561
562
563
564
565
566
567
569
570
572
573
574
575
576
578
579
582
583
584
585
586
587
588
589
591
592
593
595
596
597
598
599
600
601
604
605
606
607
608
610
611
612
613
614
615
617
618
619
620
621
622
623
624
625
626
627
628
630
632
634
636
659
660
661
662
663
664
665
666
667
670
671
672
673
675
677
678
679
680
681
682
685
687
689
690
691
692
693
694
696
698
699
701
702
703
707
708
709
710
711
712
713
715
728
733
734
735
736
737
739
740
741
744
745
747
748
749
750
751
752
754
756
757
758
759
760
761
762
763
764
766
767
768
769
770
771
774
775
776
778
779
780
781
796
818
819
820
821
822
823
824
825
826
827
828
829
832
833
834
835
837
838
839
840
841
842
843
845
846
847
848
849
850
851
852
853
854
855
856
857
858
859
860
861
862
863
864
865
866
867
868
869
870
872
873
874
875
876
877
878
880
881
882
883
884
891
892
893
684
497
